74134618169028
16560578760378
81830499513129
258996078443872
219187845000219
110606299841658
19298161566733
236586948999249
43086565330924
135727029245879
37774412796806
114317131051395
63491278654705
40342235475392
77837729881794
211132134204625
185793471763965
110982663079642
274482503173127
215279217601593
112450479784259
277806317989935
43364021701268
184029867303650
256535314812831
56736431812273
154820464891709
4266722204484
121341232912604
178676530367628
112214549322568
242620208032753
193302594132628
71817193590532
209458667792360
39446829978282
266862753363161
177031635988776
103537137443749
48548807867154
160393711881191
3927771275191
216771601480807
164560435248277
167713742404661
193049535605092
3235409907688
139842339884887
50124658974713
216240243560993
84256813220878
33979700652536
232053044594786
219655756105184
279344817028475
20729125287825
6271551872023
30848225150753
194400185557351
107679443542448
109770292108771
248028433908334
2919150728505
189791593007435
44192987930839
6133048064343
100329284744664
79312253146143
130084131691206
79479333242157
75020061168308
41960572353497
171266778125242
155966504240236
86154922314968
212696921303989
44916066495414
264629342631442
94234207568038
89704477605045
78516396850364
251981642093386
28968575433928
154514811892768
11939251181209
231060355467422
212970202827117
248027737958390
237272079542246
110036714771338
6908310628131
144155541123422
52996786466358
102404229188905
269507431717332
234546228212869
263589982001259
177089123017763
48184546048822
270332930650628
157547202439370
179127060781730
269590192575111
26967748766528
213335242616463
151788001599184
200307180950625
68730514053670
198018764302981
151936388511428
82161284222016
233022204050468
60363200528792
21686775337287
76018835251930
123209588300598
187910857050397
36893451821671
151144328223087
111687815091029
170134791934746
139566764549134
224621824752178
34339437556819
117728403713405
180605206365736
68462633418015
226227928221182
82022669414349
62449772163240
248689217714287
55863199487504
234488161400682
84939905636157
203402128990872
69380667889961
166738651389141
248637090844571
199647183208656
55062859407626
189776493247302
121985042148490
243525257684562
57153204842788
205814698746556
10262109134787
173655312084654
48230056424285
72903082036844
266758398137709
234464217451736
79389564628278
209221265897692
84880433609494
193560302710351
235250054217072
70965628803936
247164791256135
57659594958115
22865218236715
271673286816041
11920828991774
26650522463960
141089902748904
34196789425988
139227779321474
34182654543159
74534812855280
241684896223438
230849065664748
138697623614947
255900957978657
99636507697641
117044024095091
1852251745934
73057969262713
109627276706388
171989934270882
249232038126588
255819273635756
135417857653284
133269036156663
183143029018489
199956794020519
260829817787579
63304580957420
84327681643924
37259735136565
262206706767305
121553573720421
246675309500842
248727571353489
209120603508689
20553786676107
222782568023408
53681424783397
277936103293287
148804655002656
210000556987791
38499172527819
253903207865421
273271924378929
181279205442384
161261755896177
47381158300010
244374289635513
254434476375921
182603222565434
168020022564966
235764655452975
22111394641476
163056650986438
221396739087700
212916831192411
123185976233222
153643186834903
217099395237126
248912341765139
278520869691727
247346761687111
55559753234545
177606526733246
110650918286483
145041275273134
192139889996008
246640865781796
230273740954595
138936309381918
11879355666325
38087805256091
212168144509415
222019818558843
32530505899028
188063108280896
14475277583108
43881530823135
195615705954160
112265758607357
273325953704112
73357714042961
173514693862285
222305596830790
179338330528369
89876964519013
209698971983290
1405573871458
231726312679929
110420507270796
108113506667413
66823391331535
167274102663527
69676662628530
115339030401329
229645827809275
181732510545793
154678506372305
1129870973101
240594234975689
102791372306695
194921324097563
163645329137102
39401399108025
189017508300217
23795577728724
116313063302316
157461312352872
59270161337955
24048421350928
21237044609597
3813123089629
166954908035774
154315364750341
192786905626135
77663695118463
179506132322794
171474182549783
89332344240877
41497566140974
177867736080083
15643323311094
233927786441283
187496466539624
188937872480345
6196371561370
215996544426267
209061968072780
85169949256395
226939052466826
67103144918439
73696110668361
48522392370613
276972680617863
268032869451170
73918827166714
78887700344267
272637237991564
216815399571567
119862089574193
206791244955563
106840623952693
277696473830736
265642533732850
36049919863932
222536646963877
188616692237113
202089612368079
165808895370118
100178394426619
116833779713969
211003314980911
35254295640827
237345150541816
54300435776921
218571908710787
78426743266945
201385614650180
257445001494786
165481725726437
66991085075262
203320252000285
67371406085740
116218360716579
14370389353872
91547155349674
229244485558711
6791239053702
61779025260964
221919893999134
66891841853239
233006339095767
254161928471201
250328749993644
165572406167359
90044357134583
33874494738037
175937851450818
29548530435162
17948347648782
140293193052044
260785763211219
241502874130581
247250812110390
174281095264117
26728968728364
141802088924200
121695698852401
195800713545458
162321793318042
201801868585575
99511342587091
143319235382533
192022168442874
120567948409806
179980717581760
75371984774892
56901899261335
5891177366992
204238920278707
117867434456417
57863278450685
121305287230745
163946725282240
24236070794807
74577071480021
156014445952714
227264697287592
168970676212293
106199906019133
38844277900127
198727833620909
207506808623950
257496026914416
172457016225962
47676904871245
98592164304420
132325955993203
119428820200738
200922172853749
276856847691944
205750899912544
47345197069109
221472055798113
252475514572126
202155272770621
277994219736030
16598884801180
49797454026380
22802121910338
89546304848448
48581982862725
128952440161874
94879686181584
17676566687612
236719156107504
86324905723265
78792692946950
241194214768611
51041839367905
35648516769947
85101105647896
179125096903995
189061465632432
72147712871578
233716418175267
274389231525189
261129669668243
238082692532731
190541529485034
271476183479560
151973642352464
166398579778988
260418984050825
144583224383846
7256321943932
168663705598016
166919354123743
36774982657029
267908920601605
13554751644920
43193887153527
10807766852672
40444581663154
127237693494586
4715307024684
135972020057303
190698479502971
47657471289074
4971253740173
259420125721477
52275347054763
171366039531124
220208342655253
216205942201684
61127765174891
131682921586977
55086436627674
134234504084623
224603882586722
42897186547100
123865826020996
263450797154790
156051069386070
245018907039032
170034477094990
45705415895369
233878050943388
273895081418871
236556503939675
272217747718198
54558678468769
116115570970254
76734015201626
139226653333952
128464354424383
60419730975845
218087652998618
6656309819033
207850257665805
177441651475295
129369970411127
244147191968112
158671857653323
156663697637030
58171220182450
33178302389968
259762180025757
226462225004811
190646897836760
172573794006279
46457032738389
180874828705603
280272436862819
146373667574619
192851817888692
174360462492026
112823062363819
26212883565939
247340769452135
202975517747275
135405810038144
50870151873257
147088503158836
144266583009786
117033365003987
173902135739656
207024514916526
47540113754670
217515219252945
94019974347793
110999054220380
206183210074322
21575547402300
106906827675303
191262966141648
206688538489866
2038986846915
251614265900094
163054760804103
245482201135049
179072650181697
260020846529947
198688923715628
25485539989790
16368063330195
180402360298733
67737164139983
210538976704934
7158693879724
216884883707919
94415086466389
27894342730065
247409681016953
62045766407524
143518762016780
144475861216663
7338280707038
29969300647302
20532906859480
3978082965883
203419561758159
209275640023356
28968806501201
66911602576330
79374416680601
170847018739495
249457473366237
148547899276078
168769723861672
79601986951981
227411879919234
63199908126550
266096885122749
263269109798391
263077168825715
76638511676239
157533029940199
7438596047605
256813585445282
119802583678119
151640868604082
48719712822943
241607627842287
190463832771933
226110941540544
181217159913052
40414111839493
214691151762485
134896082582476
133113228840783
262997837261765
139899480119041
131093010433191
21056965418794
99979401521884
106455010899235
26525130750032
182205185818565
91223972278983
33678314725440
253822243397566
239421963282435
87582794843383
90216966474727
108712805074022
59760920723900
5043717783430
173342849368942
213488434796661
166910660431811
237742299379183
30310823618371
93005976355639
104845108781404
222852029173466
70701458919848
77815103420623
214759859198924
135550417770244
76645000498098
182551774401342
208259568875413
26288300442937
211121482557592
12964442522456
220933545686392
23840737075907
33460889745499
276340422272380
250645591079878
257631836015438
2422342371996
89945337081126
155950667353362
26698468404908
12601608396492
2894208200489
162606851203932
154505321754679
127369337094062
180008441570245
12407338878149
196529625028265
215549268139786
151209358996780
252770534559682
86973127181900
220910360694416
266662944136689
158539148434659
14463740553654
205919168930383
114165308134885
192940324524381
263077099300730
274667024237883
67683227453933
25637657876384
237287777822834
221089358776903
1246071609624
123882899080269
238565545203274
231820331724674
262406524332313
93378188821368
214233912693426
100582119279918
109839120689994
54587828923245
20325664152642
219647991202919
78679527023474
217277954129474
128027851622202
259376037824309
279806173225446
32717356506569
53391738193221
23121262969350
172096901081376
66422088261192
5725226362257
57940536523337
189650298539807
109177809721959
243177617436412
183812482846416
163609171209554
85071781511983
238266756332209
120966444805321
222650272101534
215546319664690
118519848780537
224244945301012
198989286451681
111250330651421
231464833355853
144732066100578
133303745243628
78765967681764
188523725371557
129162408998642
197858827817187
217461134367475
32902676744147
63051832476679
122717157420494
72437669054185
173490056416677
216467113952843
55560439972881
8920198078903
60716443434227
124151157413497
258997183035423
95877397524239
80409145976773
62926427116310
122481710457812
107370420252634
3033433487130
243612347913523
89386269682263
228835511488405
249776401440536
223773438192102
237158328780143
187623438083680
123421818054175
18335059688506
9151134603846
154379509002112
129549491158028
57839166223098
117101233130020
176513023489834
204929501207201
117522487100806
179958882851155
138813701564359
9483305381611
85081125623104
51479887531260
249128991873813
175439531841653
132873484121431
250563327672523
100447052580053
39037317427805
51254141989363
205338724251320
42260725930162
155382158020789
81541810532688
202839843787796
15308001771245
51025504058729
1891797552088
123303415847530
226536864727523
217067799873583
10899430159959
249058622384123
85772370598984
227432249222502
223511458453787
143160404247941
80652921042395
160572318075305
24227690394063
115491037488899
190923952738685
233816729500213
168698936905702
92502946951947
71452478692211
28707883144887
219493699586945
56620128456659
172403696528973
263421078067727
115707963716459
231549344466455
60969008296900
16212480729638
49028223501187
247903452654299
123561343904688
227100243279754
199747567706975
123824600608158
272197170144210
251776007156624
201816097782190
201483522811027
276574321144472
222095511792545
140395636084470
204857805061391
57841308953937
93855845654720
68657388264901
244918990945301
169773168194960
49410926878083
72009652383709
90195406743405
260410317465967
79670504111451
75097467218849
106966260579317
135471906204765
236127953010526
53888713437314
23924455149762
213647879914652
139205075121972
49898763878484
134683780891968
89176343933084
116958901732819
121070617943758
42741964045799
266250005600335
221790798156056
232900866549309
197173799725138
167232159716738
175674514677703
223145595816602
94449136866364
123369800903309
276659129854249
153952963660407
92744556630010
147052472061683
232996061823585
142516503725826
266097527083069
228257299274772
15477265955066
252626171179837
174519218396894
247375938244676
23514325772230
174838803919128
217442499634723
42567958871297
272442171110297
18127274856011
269440092543911
29477925434272
247514164172697
128417918063007
261503012818669
272980819048125
144528233084680
118417973252210
272702051186184
77025836538069
177429472699639
38895647953199
71438142714901
39197661655078
8247739779597
159774333463823
145584777881992
212774565120806
207493209170549
203563736274955
84962972413414
8599216194888
191435910112856
199707605452116
60537384017197
42264837610134
28542493807172
111378902875010
16443473246725
132375373538740
193205325996685
3185672768008
236449274751339
200202847036266
45379559697535
65021773144287
82959502052168
175745296513215
82018901276664
262190014915636
152821647971643
93031784246276
134038560948005
136219488803473
19700564771661
130237407156527
191352885776235
77140996200568
251469104785491
79794300038278
118624913642493
201425067904388
105517859328237
14646701161029
146344548627193
253245299162734
81064780838445
1926597379249
279075315109501
277382411761077
153418044352496
234468061439758
227406412693770
67203699287404
232374175233421
8894267306577
216242380409332
249662132760486
142249153121886
182233130790240
215129712386319
119211792776344
135045218609235
31871733893647
155935287224988
20535575332064
181582803740779
20054433638558
165655665412275
56026276589432
232769235244896
85446085237327
259796334127672
29851298739277
94880834372168
229880241989415
66883610806812
236527785763401
232322384196032
65229167726422
199469817487949
181726178999391
128208766949221
264179754874346
243978033326551
250202286772463
181028944894737
74983338996087
116173005938169
44363437573324
187053027842852
201009976704695
51816729382520
220342465914882
262829985124757
213056266056831
272173325103692
9399837743425
35755296483825
175737913238041
161549959871312
241649701357961
77809455202839
140308604973998
220597344094314
174501765173187
45496164311813
58136869064719
169579261393995
34777230425394
65589524738463
37358824314763
277219011836857
76817970020525
263116397613190
46319080950766
26588425440275
8547565506810
9192715533713
89594148232432
180229231337591
262613800022615
22490692577913
239991134561319
4149151803686
127873688817163
154496383860170
257481354110365
84418633124623
175152951325392
114333145241156
121061062780510
141723903846076
4582552292435
205649048384642
8766412723274
246958756083206
186942136591351
19772933447469
196178357043077
279655384685429
220068300349546
172313916317517
112409288293503
201513522598256
65273122673167
198787845186607
229291698209831
41829830327072
127593924780076
11679847794139
242591024083521
135049370813654
231991657838221
36361141849953
229325581458711
59683923210714
270550725625448
38626328926486
77776886694815
215212636949239
87738778431994
195436966487888
121300322836407
115462603012320
196613242670231
117217270389415
166150723336170
74307986636375
119336505580660
25826243557008
44731112217024
5963760325423
249431914123595
100393581182491
109194814961726
150706765218887
212269403035034
79480298939751
256950479786325
196904236222298
244416293136929
214614397116329
12039968514241
187356602109304
14110076452589
81486212911072
15449405409210
251210867995107
205232677564805
146758815316839
45215124989514
137004252168393
145240512208583
254460081506468
86695436492675
86954439305759
222883517058024
219811051144454
162537219288290
276967133175851
165737509509415
34403059622794
213830287144399
102428204661413
232976856928041
231352462004263
235096401338064
150255024875657
178392129725482
260388281348625
177175250111226
134012612983463
80255193944147
114011194791744
115744935492079
275480084014354
184737173964470
231797779946429
249642993102743
146073610239644
246337888391203
20405685622468
86833895944368
167558166870206
246756448535478
57692702613494
89116387974272
2721501438510
196920251443621
104620074705620
233792439921639
7990605326479
224184603859413
30314069411719
199844987605532
157819005162502
85254136717563
120193368896785
94330176781493
245425364403631
248379980691020
66203336427314
237019007933535
47165582126424
46128636362139
104900752725249
197699683473290
151954804411579
226354109746625
29479564378449
181361947886324
92525502076141
18806145046919
23284547788726
217087202248861
34221293967769
8887881354197
87667100695106
237947990624540
223354721544253
83926068186985
107356886168519
210762349600159
229357271694425
161029805219999
190034022407139
117220161968024
153203797517141
59470727994350
28004135948621
235693727447971
153685244720695
87438601077714
234244990059759
212966270366446
51459189573764
100346642338058
12521618293575
81004280386938
90539310102655
238958160156791
219032472473235
270287714427444
226154551272104
197071317691892
267827901470883
138261100840971
170710406224396
267915511487907
29164590916727
148705428861093
45017566044771
220296746053340
194931948714747
200503006284930
244585305882501
146789203416098
220190229760373
131731623934699
74981829262472
28900043797001
122799223725905
237739939603645
107151640897472
81259969639638
3114032942536
146193850566374
246072336146105
94736455900563
35222833275751
124447464867496
270469270427562
33174270979158
54290169327333
49682252436523
230718903887112
271542666770796
112918917054678
137247871724356
164299082596160
48222855517471
157431564920321
22754708213967
141365518562158
177248201998623
171189560777683
124863846741673
58256728392330
278865267774722
166334381209751
230662677464093
41397536934891
139659232246317
186291993070338
149113431172902
229829820617324
103149013203139
168446476936919
67192619632670
16379963172903
263772138304127
160167516349014
27376813310668
30704127441968
124715821294338
79185132327856
124834343732994
69682141095400
90563631745926
257754219316088
143540933225996
88674679201929
74966934843055
157813664353622
76793706920804
42147077506457
12786165766891
159585756074055
91753490880956
58989564545702
152158582470600
68722326714796
164016672262738
254588074652922
99408887923823
44870905439169
200846463510448
163529731682588
61684702732337
52433807585947
85771401110787
123478435555732
210118503763891
48999721437428
233400956791964
221855458561309
30600395547968
219720874606939
243063228947946
252630894066317
8180313132763
197134939428965
63995410137576
184053178459644
186124353582177
89442133498152
129264853891370
226109913137968
157862894471779
48071380716970
225062317155412
151467830649100
224677344856836
217647658502983
89090175965962
244107493939970
106311064801423
19244515793614
35539304123374
240122733411778
193798851536683
59629024927217
70178869131136
44552325329687
273495729101298
66877944191647
44016578868939
57703110441725
236506448087897
239785948658066
37759680779863
141414253694561
244438211598277
161436877467912
271644176163046
97647931153131
18665214851366
126271152006741
42805290687269
149838175050436
145512244577197
205644488427089
127106133225412
164718043408175
73166888181680
279002664529290
193585274181760
170592799348955
54747167588968
20013346511292
136423275691444
277436682156791
55435172983189
45853975937804
67386371300016
206206502682374
2562796852435
100867238082081
40258795749693
83342649899547
190025487963059
114689434959775
38285308103502
229944863397041
208799328041936
154453466995606
135179094260830
78235047112742
171091908583711
208387993748247
236434902714188
115886608825985
115583165129129
33989715898565
190931412444100
75603073545409
1275762930155
109825393671668
18840296039687
244041113690004
70355404761862
261845421549352
269288953431147
201580714962030
11438086483159
260245038186487
236114134907462
197277524798224
224863364255820
227698218053439
266599439865158
142748848068422
239216760229346
125116089510819
210666950822022
161518995473389
106175751519309
124722434572863
173938365802216
163608753112525
42744318223430
146352774562029
273835829133204
200326010822949
99166052893674
270169693110719
22743622098352
235854204798095
273629664624900
223279651139047
256424775538369
278712546561323
254668091355161
227291237045965
73813830916554
276243378482382
153837907446908
134118767267510
19345951973059
23158499683087
126810037229522
104030629672927
19757054324491
45259104846467
106899342028021
154342259270691
85631204346905
100720891734829
219827351017127
14478452579088
218070931051854
83093908567377
103197364163404
168661842664363
159551813233216
210190703825137
222955999298702
92875621827644
109786958007361
50504141664421
150807502123313
171070309776073
67439443487627
32654243221686
118234337192534
74601705673077
210321932842608
110974231445114
67607363924556
51978761540931
178055217953950
213118365767177
59185771931205
183566324236114
191805771236035
122415233112615
240163010203985
54624247002948
124581458890546
37692334609079
29098350922964
48184776132227
159546453207083
276219892500141
121650522368003
112114114494915
201493708439317
242423308048938
27515239193092
158549808945716
32331050249207
259161320477959
21780967867029
101484077361046
242854333980394
225936550167320
98249926944630
117078354086929
46312359967826
6716740518957
82980793402765
38340219741159
141737744601155
56897675973047
3137630283678
63846522714674
231448624235420
247986800888719
149503883036425
188432770224714
250743335855795
142643106945531
101233525548614
193319082489130
272361374702093
95669815044674
120400005177876
167564349884055
148563483346725
209994180951906
97893550597924
153683437052442
1446604815876
155478653569562
85726724457298
140431057833431
99460582137779
110484279364883
193962354342032
93404964625329
112838066625798
132686460479155
148831830362807
172557535562885
102907184695046
70468037273251
152428296811791
2186237547737
69895389472228
179516355660188
148234630398887
139550851855107
177477035285948
38274037999411
31538360831316
217347149003941
143215636094373
7351346613489
72845646785970
82292535779377
16168245166526
105440268891339
271958461191196
59154328558204
51741409639656
222328999085196
130997642069292
256387967094079
102289054722777
236299218594313
8846385812470
148489926337886
60925810666761
182057064715683
210608346908465
217759669774017
160649435574691
202925000950261
252880901002911
35715641380497
222862981355135
72188822320755
109343202584747
179204438078108
131070443251220
43949162558626
130038460436081
9757618991499
151029272179544
186490413399015
162187068422572
194918336230654
223492820610138
230667750877064
18943564742432
99969421331818
216995678299090
260959422695690
71758832402130
115671210904750
53869251420613
55313732374083
123485515785143
249974074973148
259849500968998
39812201386121
76732658136840
52771222002138
36221747585999
70817949814912
273811040959199
97715186454219
76479973013875
225573134696641
268413920170318
56583307414384
210961922060374
247678584863079
214705838571227
101242025622148
86705741755684
170222372739838
135417135096210
100145399675896
45777528445558
17299294811291
173920348892069
237866371420206
60695655202921
260751856894640
56897672544902
174264207762227
194214835985045
93344583953885
168895035012283
141546761166323
231601834947092
138047228736037
121826933856650
208395171138025
273174098541560
178546757653676
9326103465149
1222961380724
46370411516757
231037122408479
262263429058862
30700961480670
220456191648772
18217394648882
61009726391815
159450519988994
18510606537464
14139282136133
52626337079591
236783187245330
145379696906557
183051108443011
65033418294278
145833693390925
153602638110911
266821869121326
226907489554712
89374531589210
138917812722002
114658502058143
95227441697770
111928885171880
146911063131810
90729764775580
34960830316006
156014375958340
156689995631592
242426661293610
216848627265122
38642381422875
23030785331416
54405126167905
68008020415875
232437284288823
94278895244897
246411837912324
104838934872549
56030489942824
66824925376394
117272078584230
46827150615907
185049014100283
12361306830741
182230570310640
93710184426197
94540252261434
37098254876760
6774887337052
137352212669062
274608623399074
92734447142551
89841776768216
96005721454556
236165349360729
177169905703516
174604895406696
182671838946400
211116832282117
201694838700435
169941182515810
168237113640818
68328736698476
64994026916818
37457296299751
187309592968121
119038139289589
23430764756066
154604163701293
123319077435228
9325632202730
141892368409937
12793092451995
26280562827983
40055861346830
268197410540536
207049806848295
269711177194342
145412621677944
183626776331149
40884658282350
23315699133070
3962660101602
167761231878291
11413919274401
219501390947829
195331146859920
170938473297013
212412675206410
262136544190559
169082898760584
246016770729647
187520199111458
58501542047053
222119787686215
172629067598077
132620601219204
162241817327429
156875224899244
128485002692444
43837739821585
223980940055105
57954967030130
32062806457089
27102091347988
52118184260953
101788100566914
85238794301178
111386719848790
78533723825883
185215910100652
27322882318360
163082837386677
162072267966557
132077622379916
170758079486706
183507479254532
171240012746095
280211811747419
195379575441572
6478558502045
110081320292799
54000862072131
278799270429855
21305578769962
64357631648096
36834457143496
241231281325607
254704924521060
102243236503067
145712089490349
81674567260898
162882056858605
143664020022554
144282851608130
80496774106447
176745128112140
40829874899097
128758724784475
235509388816591
39907244694698
220834185521414
230012191316879
231446060119006
29111154929861
184016229821894
122536835476275
65844878562252
192191111030703
186802974935457
161676593368119
232578846960932
231209768776765
104092608128318
22206194630684
211613548018778
15921665890953
218540924185876
77422839485147
20439312150144
126216972176107
149775338093830
192024880109905
174030180098639
260812746245243
201091333682163
102202336992028
235721962130934
146795301187101
60423003633658
66353738785691
134264359037857
243875760419433
32324627697015
278123879617622
80601152227120
104465940471026
179633812842902
16739607178606
206791230393403
71747737816094
243189308183626
227977191356280
48663986215802
243673549182674
23895715002592
138653839414715
190140526094411
177306040605660
139107915298675
68455290475724
55987368280779
34092683404349
90765668304005
217656860380606
265113834256171
157888308243295
2164424558072
8340806715588
204712903313903
269363913500261
1454312668044
158639237823037
236825439545607
53461002167557
194769453071247
148116678548980
167101790169715
154715438805586
190328933472707
279905185512003
103326223248743
21114467291031
131906276660469
266158586604260
13906139200331
84343708617598
95464372126121
169450712114589
199249866222450
193353935278203
61652906981412
79683728987894
164751595407336
179528119819620
194382329807902
38618581430487
168310788545521
211406433996136
127840735695623
134986653638744
190783579281284
76837463999656
184636669307456
135016132117426
209027052239337
251459695354263
33889484086072
42812646271230
92769277385039
131351455299963
262776024614692
2588925643515
202364799459632
4839916184283
133847626959573
194175223950075
162559066035880
27307611411190
193700922041321
211350489293105
162516588032214
200468754979800
94179898634370
39809693756870
96863783634987
3434286414220
180846083528229
39924449663543
29064467469190
2764744621089
143464379519794
59884019073773
117010229484534
59785675047206
97355382952142
198400419286682
49464462862480
18798423922283
84785768785662
41380976207371
193807356361899
84936776886634
64615762466019
255887650677982
186083212279530
104345199453878
214890769608770
10660240735604
155949911560098
174253893076250
279200305193714
78583315723474
119127280013282
88456101569277
147210778844071
261930028965664
116996279068674
7709966424533
247599929630565
152170960540826
77988159612689
7570915156716
258363648748135
183506557827747
166990172538010
233475434548620
191790407064375
81194496662206
272421493910685
103962515887581
137922449247564
218202217279047
116313916896239
167228796393115
233776077744778
222847718011368
217074340665405
114153280015965
280307722621363
72966635940141
251759970873317
278587834783288
263773752691440
274862401634396
130960391497906
239385943331794
230670597796409
27300101719629
151123240135890
85448286339542
77923624345467
259275862474078
68214802921391
202460401632551
78708976801624
201708514339856
232392583904649
257000166249098
133017347951247
187010086233645
169489562427559
179564591892722
177197000656237
88562155848538
88611434979598
143714314704712
205556419663502
262501101011355
13318035687076
180678484191317
35796636558008
105233462867999
203590361852936
11426148090553
123575466961484
38711962115461
198903505871099
34266917514627
50928029601022
240172780309763
268387337923380
54564836959381
214412841563234
128537426244550
208422718264817
170799399153923
67274278168342
97747769037348
33098866375729
123215983811494
63275385450231
40322907910108
272545265796490
131019553445168
159253251725386
18473402850292
173270516742114
88771466627326
55124645306846
36695958044281
24540469343839
80468000027867
230756776614532
50080168891810
176562666514332
105591494347489
128193040741382
259463069830006
159349746163139
54427492301374
190495639726263
53267591650395
257654898426599
223381369317160
91849544823761
160856499378207
71244943548304
239249895875718
236819842067851
2943721035859
252029297887021
136623460481336
64315033813392
267656774547532
125086400029759
99487953511127
97484980315782
237031733920283
223312735062191
221868691490159
164035374987305
267051861728977
23185035172508
135269561834638
132511758043870
4222423683768
41570508804267
174226676196849
220861751468494
144069092453659
176930291407175
4770687573208
83478479890313
47938617386453
35618566079178
65309509904757
16074800641899
208593290567365
237994809850318
160398655669620
208127490694568
41575465747617
230250500496503
271746235827855
176951161581411
210415837782732
119451311122092
188394960597242
149397333128791
122700025117290
176760333535539
176734886050892
29219919728440
195750227654662
90867293585680
242225321443332
139751340283713
47256234053205
231025450722258
4760488153045
152003818649034
51940058676837
19671709917006
79035431080796
277621824682096
97215459389000
90324998345555
145540806052985
138275480203343
198180499801832
181507833908928
188756281461814
11951391304875
251066429611087
279536782821850
53789201448567
220855669434678
103907969800870
58302195507031
217522501925969
277873819103817
41699886522093
167816179618781
246040864908896
227949338139244
63354747844808
263662187903986
175164445112505
192796190323929
115764369048343
160031055125498
150777286192159
71962741747399
41393923198893
171480006472718
157669481365335
24829107343942
204455883497303
160713235023437
142566825422389
273610571865294
248714703099312
